0.100E+00  0.000E+00
0.200E+00  0.000E+00
0.300E+00  0.000E+00
0.400E+00  0.000E+00
0.500E+00  0.000E+00
0.600E+00  0.000E+00
0.700E+00  0.000E+00
0.800E+00  0.000E+00
0.900E+00  0.000E+00
0.100E+01  0.000E+00
0.110E+01  0.000E+00
0.120E+01  0.000E+00
0.130E+01  0.000E+00
0.140E+01  0.000E+00
0.150E+01  0.000E+00
0.160E+01  0.000E+00
0.170E+01  0.000E+00
0.180E+01  0.000E+00
0.190E+01  0.000E+00
0.200E+01  0.000E+00
0.210E+01  0.000E+00
0.220E+01  0.000E+00
0.230E+01  0.000E+00
0.240E+01  0.000E+00
0.250E+01  0.000E+00
0.260E+01  0.000E+00
0.270E+01  0.000E+00
0.280E+01  0.000E+00
0.290E+01  0.000E+00
0.300E+01  0.000E+00
0.310E+01  0.000E+00
0.320E+01  0.000E+00
0.330E+01  0.000E+00
0.340E+01  0.000E+00
0.350E+01  0.000E+00
0.360E+01  0.000E+00
0.370E+01  0.000E+00
0.380E+01  0.000E+00
0.390E+01  0.000E+00
0.400E+01  0.000E+00
0.410E+01  0.000E+00
0.420E+01  0.000E+00
0.430E+01  0.000E+00
0.440E+01  0.000E+00
0.450E+01  0.000E+00
0.460E+01  0.000E+00
0.470E+01  0.000E+00
0.480E+01  0.053E+00
0.490E+01  0.147E+01
0.500E+01  0.221E+01
0.510E+01  0.232E+01
0.520E+01  0.232E+01
0.530E+01  0.279E+01
0.540E+01  0.332E+01
0.550E+01  0.353E+01
0.560E+01  0.363E+01
0.570E+01  0.363E+01
0.580E+01  0.363E+01
0.590E+01  0.363E+01
0.600E+01  0.379E+01
0.610E+01  0.390E+01
0.620E+01  0.395E+01
0.630E+01  0.395E+01
0.640E+01  0.395E+01
0.650E+01  0.400E+01
0.660E+01  0.400E+01
0.670E+01  0.405E+01
0.680E+01  0.405E+01
0.690E+01  0.411E+01
0.700E+01  0.416E+01
0.710E+01  0.416E+01
0.720E+01  0.416E+01
0.730E+01  0.416E+01
0.740E+01  0.426E+01
0.750E+01  0.432E+01
0.760E+01  0.447E+01
0.770E+01  0.453E+01
0.780E+01  0.453E+01
0.790E+01  0.453E+01
0.800E+01  0.453E+01
0.810E+01  0.453E+01
0.820E+01  0.453E+01
0.830E+01  0.453E+01
0.840E+01  0.453E+01
0.850E+01  0.453E+01
0.860E+01  0.453E+01
0.870E+01  0.453E+01
0.880E+01  0.453E+01
0.890E+01  0.453E+01
0.900E+01  0.453E+01
0.910E+01  0.453E+01
0.920E+01  0.453E+01
0.930E+01  0.453E+01
0.940E+01  0.453E+01
0.950E+01  0.453E+01
0.960E+01  0.453E+01
0.970E+01  0.453E+01
0.980E+01  0.453E+01
0.990E+01  0.453E+01
0.100E+02  0.453E+01
0.101E+02  0.453E+01
0.102E+02  0.453E+01
0.103E+02  0.453E+01
0.104E+02  0.453E+01
0.105E+02  0.453E+01
0.106E+02  0.453E+01
0.107E+02  0.453E+01
0.108E+02  0.453E+01
0.109E+02  0.453E+01
0.110E+02  0.453E+01
0.111E+02  0.453E+01
0.112E+02  0.453E+01
0.113E+02  0.453E+01
0.114E+02  0.453E+01
0.115E+02  0.453E+01
0.116E+02  0.453E+01
0.117E+02  0.453E+01
0.118E+02  0.453E+01
0.119E+02  0.453E+01
0.120E+02  0.453E+01
0.121E+02  0.453E+01
0.122E+02  0.453E+01
0.123E+02  0.453E+01
0.124E+02  0.453E+01
0.125E+02  0.453E+01
0.126E+02  0.453E+01
0.127E+02  0.453E+01
0.128E+02  0.453E+01
0.129E+02  0.453E+01
0.130E+02  0.453E+01
0.131E+02  0.453E+01
0.132E+02  0.453E+01
0.133E+02  0.453E+01
0.134E+02  0.453E+01
0.135E+02  0.453E+01
0.136E+02  0.453E+01
0.137E+02  0.453E+01
0.138E+02  0.453E+01
0.139E+02  0.453E+01
0.140E+02  0.453E+01
0.141E+02  0.453E+01
0.142E+02  0.453E+01
0.143E+02  0.453E+01
0.144E+02  0.453E+01
0.145E+02  0.453E+01
0.146E+02  0.453E+01
0.147E+02  0.453E+01
0.148E+02  0.453E+01
0.149E+02  0.453E+01
0.150E+02  0.453E+01
0.151E+02  0.453E+01
0.152E+02  0.453E+01
0.153E+02  0.453E+01
0.154E+02  0.453E+01
0.155E+02  0.453E+01
0.156E+02  0.453E+01
0.157E+02  0.453E+01
0.158E+02  0.453E+01
0.159E+02  0.453E+01
0.160E+02  0.453E+01
0.161E+02  0.453E+01
0.162E+02  0.453E+01
0.163E+02  0.453E+01
0.164E+02  0.453E+01
0.165E+02  0.453E+01
0.166E+02  0.453E+01
0.167E+02  0.453E+01
0.168E+02  0.453E+01
0.169E+02  0.453E+01
0.170E+02  0.453E+01
0.171E+02  0.453E+01
0.172E+02  0.453E+01
0.173E+02  0.453E+01
0.174E+02  0.453E+01
0.175E+02  0.453E+01
0.176E+02  0.453E+01
0.177E+02  0.453E+01
0.178E+02  0.453E+01
0.179E+02  0.453E+01
0.180E+02  0.453E+01
0.181E+02  0.453E+01
0.182E+02  0.453E+01
0.183E+02  0.453E+01
0.184E+02  0.453E+01
0.185E+02  0.453E+01
0.186E+02  0.453E+01
0.187E+02  0.453E+01
0.188E+02  0.453E+01
0.189E+02  0.453E+01
0.190E+02  0.453E+01
0.191E+02  0.453E+01
0.192E+02  0.453E+01
0.193E+02  0.453E+01
0.194E+02  0.453E+01
0.195E+02  0.453E+01
0.196E+02  0.453E+01
0.197E+02  0.453E+01
0.198E+02  0.453E+01
0.199E+02  0.453E+01
0.200E+02  0.453E+01
0.201E+02  0.453E+01
0.202E+02  0.453E+01
0.203E+02  0.453E+01
0.204E+02  0.453E+01
0.205E+02  0.453E+01
0.206E+02  0.453E+01
0.207E+02  0.453E+01
0.208E+02  0.453E+01
0.209E+02  0.453E+01
0.210E+02  0.453E+01
0.211E+02  0.453E+01
0.212E+02  0.453E+01
0.213E+02  0.453E+01
0.214E+02  0.453E+01
0.215E+02  0.453E+01
0.216E+02  0.453E+01
0.217E+02  0.453E+01
0.218E+02  0.453E+01
0.219E+02  0.453E+01
0.220E+02  0.453E+01
0.221E+02  0.453E+01
0.222E+02  0.453E+01
0.223E+02  0.453E+01
0.224E+02  0.453E+01
0.225E+02  0.453E+01
0.226E+02  0.453E+01
0.227E+02  0.453E+01
0.228E+02  0.453E+01
0.229E+02  0.453E+01
0.230E+02  0.453E+01
0.231E+02  0.453E+01
0.232E+02  0.453E+01
0.233E+02  0.453E+01
0.234E+02  0.453E+01
0.235E+02  0.453E+01
0.236E+02  0.453E+01
0.237E+02  0.453E+01
0.238E+02  0.453E+01
0.239E+02  0.453E+01
0.240E+02  0.453E+01
0.241E+02  0.453E+01
0.242E+02  0.453E+01
0.243E+02  0.453E+01
0.244E+02  0.453E+01
0.245E+02  0.453E+01
0.246E+02  0.453E+01
0.247E+02  0.453E+01
0.248E+02  0.453E+01
0.249E+02  0.453E+01
0.250E+02  0.453E+01
0.251E+02  0.453E+01
0.252E+02  0.453E+01
0.253E+02  0.453E+01
0.254E+02  0.453E+01
0.255E+02  0.453E+01
0.256E+02  0.453E+01
0.257E+02  0.453E+01
0.258E+02  0.453E+01
0.259E+02  0.453E+01
